{
 "cells": [
  {
   "cell_type": "code",
   "execution_count": 1,
   "metadata": {},
   "outputs": [],
   "source": [
    "# Dependencies and Setup\n",
    "import matplotlib.pyplot as plt\n",
    "import pandas as pd\n",
    "import numpy as np\n",
    "import requests\n",
    "import time\n",
    "import math\n",
    "plt.rcParams[\"figure.figsize\"] = [20,10]"
   ]
  },
  {
   "cell_type": "code",
   "execution_count": 2,
   "metadata": {},
   "outputs": [
    {
     "data": {
      "text/plain": [
       "'/Users/piruzalemi/Desktop'"
      ]
     },
     "execution_count": 2,
     "metadata": {},
     "output_type": "execute_result"
    }
   ],
   "source": [
    "import os \n",
    "os.getcwd()"
   ]
  },
  {
   "cell_type": "code",
   "execution_count": 3,
   "metadata": {},
   "outputs": [],
   "source": [
    "import itertools \n",
    "#_OPTIONS_BASE_URL = \"https://query1.finance.yahoo.com/\" \"v7/finance/options/{sym}\""
   ]
  },
  {
   "cell_type": "code",
   "execution_count": 4,
   "metadata": {},
   "outputs": [],
   "source": [
    "days = 5\n",
    "path_matrix=list(itertools.product([1,-1],repeat = days))\n"
   ]
  },
  {
   "cell_type": "code",
   "execution_count": 5,
   "metadata": {},
   "outputs": [],
   "source": [
    "#for path in path_matrix:\n",
    "#        print(path)\n",
    "#        print(path[2])"
   ]
  },
  {
   "cell_type": "code",
   "execution_count": 6,
   "metadata": {},
   "outputs": [],
   "source": [
    "# Specific areas of this program that are enhancements to the original R. Cox & Rubenstein Model has been supressed\n",
    "# as they form the proprietory information of its authors & contributors that is not for public disemmination\n",
    "#                                                                                   Piruz Alemi Dec 9th, 2019\n",
    "class Node():\n",
    "    #  ------------------------------------------------------------------------------------------\n",
    "    #  Node simulates a tree of Nodes,\n",
    "    #  that can move up or down\n",
    "    #  How the Node moves also affects its internal(self) values\n",
    "    #  https://www.macrotrends.net/2577/sp-500-pe-ratio-price-to-earnings-chart \n",
    "    #  ------------------------------------------------------------------------------------------\n",
    "    \n",
    "    def __init__(self, x=0,y=1,level=0):\n",
    "        # Each node has an (x,y) position and contains a stock Value.\n",
    "        self.x = x\n",
    "        self.y = y\n",
    "        self.level=0\n",
    "        self.stockValue=312\n",
    "        self.strikePrice=314\n",
    "        \n",
    "    def setup_parameters(self,rfr=0.03,vix_sigma=0.12,dt=.0197):\n",
    "        self.sigma=vix_sigma\n",
    "        self.r=rfr\n",
    "        self.dt=dt\n",
    "        # See equation 10.11 in Hull. The stock price either moves up by u or down by d proportions\n",
    "        # where u/d = 1. This proprtionality is made an Exp function of volatility of stock sigma & time.\n",
    "        self.u = math.exp(self.sigma * math.sqrt(self.dt))\n",
    "        #self.u = 0.5\n",
    "        self.d = 1./self.u\n",
    "        # See equation 10.9 in Hull. To match the expected return on Stock u, with the trees parameters...\n",
    "        # Probability of Node going up = qu and going down = qd\n",
    "        self.qu = ((math.exp((self.r * self.dt))-self.d))/(self.u-self.d)\n",
    "        self.qd = 1-self.qu\n",
    "             \n",
    "    def move_up(self, y_up=1.1, level=+1, rfr=0.03, vix_sigma=0.12, dt=.0197):\n",
    "        # ------------------------------------------------------------------------------------\n",
    "        # 1. Increment the level-position of the Node, each time you move-up\n",
    "        # 2. lower the probability of going up by qu * qu\n",
    "        # 3. Move the node to the right, as to capture the trajectory of the node on a given path\n",
    "        # -------------------------------------------------------------------------------------\n",
    "        self.sigma = vix_sigma\n",
    "        self.r = rfr\n",
    "        self.dt = dt\n",
    "        self.u = math.exp(self.sigma * math.sqrt(self.dt))\n",
    "        self.d = 1./self.u\n",
    "        self.qu = ((math.exp((self.r * self.dt))-self.d))/(self.u-self.d)\n",
    "        self.qu = self.qu * self.qu\n",
    "        self.qd= 1-self.qu\n",
    "        #---------------------------------------------------------------------------------------\n",
    "        self.y = y_up * self.y\n",
    "        self.level += level\n",
    "        self.factor=y_up\n",
    "        #self.stockValue = self.factor * self.stockValue\n",
    "        self.stockValue = self.u * self.stockValue\n",
    "        #self.qu=self.qu * self.qu\n",
    "        self.optionValue=max(self.stockValue - self.strikePrice,0)\n",
    "        self.x += 1\n",
    "        \n",
    "    def move_down(self, y_down=0.90,level=-1,rfr=0.03,vix_sigma=0.12,dt=.0197):\n",
    "        # Increment the y-position of the Node.\n",
    "        self.sigma=vix_sigma\n",
    "        self.r=rfr\n",
    "        self.dt=dt\n",
    "        self.u = math.exp(self.sigma * math.sqrt(self.dt))\n",
    "        self.d = 1./self.u\n",
    "        self.qu = ((math.exp((self.r * self.dt))-self.d))/(self.u-self.d)\n",
    "        self.qd = 1-self.qu\n",
    "        self.qd = self.qd * self.qd\n",
    "        #-------------------------------------------------\n",
    "        self.level += level\n",
    "        self.y = y_down * self.y\n",
    "        self.factor=y_down\n",
    "        #self.stockValue = self.factor * self.stockValue\n",
    "        self.stockValue = self.d * self.stockValue\n",
    "        self.optionValue=max(self.stockValue - self.strikePrice,0)\n",
    "        #self.qd=self.qd * self.qd\n",
    "        self.x += 1\n",
    "        \n",
    "    def move_right(self):\n",
    "        # Increment the x-position of the Node.\n",
    "        self.x += 1\n",
    "        \n",
    "    def move_left(self):\n",
    "        # Decrease the x-position of the Node.\n",
    "        self.x += -1\n",
    "        \n",
    "    def move_node(self,time_position=0,ud_pos=0):\n",
    "         self.x += time_position\n",
    "         self.y += ud_pos\n",
    "        \n",
    "    def outputDetail(self):\n",
    "        return [self.x,self.level,self.stockValue,self.optionValue,self.u,self.qd,self.qu]\n",
    "    \n",
    "\n",
    "\n"
   ]
  },
  {
   "cell_type": "code",
   "execution_count": 7,
   "metadata": {},
   "outputs": [
    {
     "name": "stdout",
     "output_type": "stream",
     "text": [
      "Initial Node position: 0 1 312 314\n"
     ]
    }
   ],
   "source": [
    "# -----------------------------------------------------------------------------------\n",
    "# Create a node object, and have it start to move up or down.\n",
    "# This section was a test on node objects and their changing positional values\n",
    "# I thank Illya Alshteyn @ Columbia University for introducing me to OOL. Dec 8th, 2019\n",
    "# -----------------------------------------------------------------------------------\n",
    "my_node = Node()\n",
    "print(\"Initial Node position:\", my_node.x, my_node.y, my_node.stockValue, my_node.strikePrice)"
   ]
  },
  {
   "cell_type": "code",
   "execution_count": 8,
   "metadata": {},
   "outputs": [
    {
     "name": "stdout",
     "output_type": "stream",
     "text": [
      "node altitude rising....: 1 312 0.5133383406643018 0.48666165933569816\n"
     ]
    }
   ],
   "source": [
    "my_node.setup_parameters()\n",
    "print(\"node altitude rising....:\", my_node.y, my_node.stockValue, my_node.qu, my_node.qd)"
   ]
  },
  {
   "cell_type": "code",
   "execution_count": 9,
   "metadata": {},
   "outputs": [
    {
     "name": "stdout",
     "output_type": "stream",
     "text": [
      "node altitude rising....: 1.1 317.29945800049353 Probability of the up node:  0.26351625199597883\n",
      "node level going up............................... 1\n",
      "node altitude rising....: 1.2100000000000002 322.68892963912486\n"
     ]
    }
   ],
   "source": [
    "my_node.move_up()\n",
    "print(\"node altitude rising....:\", my_node.y, my_node.stockValue,\"Probability of the up node: \", my_node.qu)\n",
    "print(\"node level going up...............................\", my_node.level)\n",
    "my_node.move_up()\n",
    "print(\"node altitude rising....:\", my_node.y, my_node.stockValue)"
   ]
  },
  {
   "cell_type": "code",
   "execution_count": 10,
   "metadata": {},
   "outputs": [
    {
     "name": "stdout",
     "output_type": "stream",
     "text": [
      "node level going up............................... 2\n",
      "node altitude going down....: 0.9 306.7890522518592\n"
     ]
    }
   ],
   "source": [
    "\n",
    "\n",
    "print(\"node level going up...............................\", my_node.level)\n",
    "\n",
    "#my_node.move_node(3,2)\n",
    "#print(\"node jumping to position....:\", my_node.x, my_node.y, my_node.stockValue)\n",
    "\n",
    "my_node = Node()\n",
    "my_node.move_down()\n",
    "print(\"node altitude going down....:\", my_node.y, my_node.stockValue)"
   ]
  },
  {
   "cell_type": "code",
   "execution_count": 11,
   "metadata": {
    "scrolled": false
   },
   "outputs": [],
   "source": [
    "# ----------------------------------------------------------------------------------------------\n",
    "# Instantiate my_node, and initialize arrays to store all the nodes + their corresponding paths\n",
    "# ---------------------------------------------------------------------------------------------\n",
    "my_nodes = []\n",
    "my_node = Node()\n",
    "x_axis = []\n",
    "path=[]"
   ]
  },
  {
   "cell_type": "code",
   "execution_count": 12,
   "metadata": {},
   "outputs": [
    {
     "name": "stdout",
     "output_type": "stream",
     "text": [
      "1.0169854423092741 0.9832982443969845\n"
     ]
    }
   ],
   "source": [
    "my_node.move_up()\n",
    "#my_node = Node()\n",
    "print(my_node.u,my_node.d)"
   ]
  },
  {
   "cell_type": "code",
   "execution_count": 13,
   "metadata": {},
   "outputs": [
    {
     "name": "stdout",
     "output_type": "stream",
     "text": [
      "[(1, 1, 1, 1, 1), (1, 1, 1, 1, -1), (1, 1, 1, -1, 1), (1, 1, 1, -1, -1), (1, 1, -1, 1, 1), (1, 1, -1, 1, -1), (1, 1, -1, -1, 1), (1, 1, -1, -1, -1), (1, -1, 1, 1, 1), (1, -1, 1, 1, -1), (1, -1, 1, -1, 1), (1, -1, 1, -1, -1), (1, -1, -1, 1, 1), (1, -1, -1, 1, -1), (1, -1, -1, -1, 1), (1, -1, -1, -1, -1), (-1, 1, 1, 1, 1), (-1, 1, 1, 1, -1), (-1, 1, 1, -1, 1), (-1, 1, 1, -1, -1), (-1, 1, -1, 1, 1), (-1, 1, -1, 1, -1), (-1, 1, -1, -1, 1), (-1, 1, -1, -1, -1), (-1, -1, 1, 1, 1), (-1, -1, 1, 1, -1), (-1, -1, 1, -1, 1), (-1, -1, 1, -1, -1), (-1, -1, -1, 1, 1), (-1, -1, -1, 1, -1), (-1, -1, -1, -1, 1), (-1, -1, -1, -1, -1)]\n",
      "(1, 1, 1, 1, 1)\n"
     ]
    }
   ],
   "source": [
    "# -----------------------------------------------------------------------------------------------------------\n",
    "# - A remarkable Python command: for time period = 3, provide all the possible combinations of values\n",
    "# - This gives for the possible value of +1, -1 combinates 2^^3=8 possible combinations of up (+1)\n",
    "# - and Down (-1) combinations\n",
    "# - \n",
    "# - I thank Terry Huang for this matrix approach that is the shortest path to the solution. \n",
    "# -                                                                Piruz Alemi Dec 8th, 2019\n",
    "# -------------------------------------------------------------------------------------------------------------\n",
    "path_matrix = list(itertools.product([1, -1], repeat=days))\n",
    "print(path_matrix)\n",
    "print(path_matrix[0])"
   ]
  },
  {
   "cell_type": "code",
   "execution_count": 14,
   "metadata": {},
   "outputs": [
    {
     "name": "stdout",
     "output_type": "stream",
     "text": [
      "+++++++++++++++++++++\n",
      "(1, 1, 1, 1, 1)\n",
      "Time, Level, Stock Price\n",
      "[1, 1, 317.29945800049353, 3.29945800049353, 1.0169854423092741, 0.7364837480040212, 0.26351625199597883]\n",
      "[2, 2, 322.68892963912486, 8.688929639124865, 1.0169854423092741, 0.7364837480040212, 0.26351625199597883]\n",
      "[3, 3, 328.16994383735164, 14.169943837351639, 1.0169854423092741, 0.7364837480040212, 0.26351625199597883]\n",
      "[4, 4, 333.7440554860387, 19.74405548603869, 1.0169854423092741, 0.7364837480040212, 0.26351625199597883]\n",
      "[5, 5, 339.41284588656, 25.41284588655998, 1.0169854423092741, 0.7364837480040212, 0.26351625199597883]\n",
      "+++++++++++++++++++++\n",
      "(1, 1, 1, 1, -1)\n",
      "Time, Level, Stock Price\n",
      "[1, 1, 317.29945800049353, 3.29945800049353, 1.0169854423092741, 0.7364837480040212, 0.26351625199597883]\n",
      "[2, 2, 322.68892963912486, 8.688929639124865, 1.0169854423092741, 0.7364837480040212, 0.26351625199597883]\n",
      "[3, 3, 328.16994383735164, 14.169943837351639, 1.0169854423092741, 0.7364837480040212, 0.26351625199597883]\n",
      "[4, 4, 333.7440554860387, 19.74405548603869, 1.0169854423092741, 0.7364837480040212, 0.26351625199597883]\n",
      "[5, 3, 328.16994383735164, 14.169943837351639, 1.0169854423092741, 0.23683957066737513, 0.5133383406643018]\n",
      "+++++++++++++++++++++\n",
      "(1, 1, 1, -1, 1)\n",
      "Time, Level, Stock Price\n",
      "[1, 1, 317.29945800049353, 3.29945800049353, 1.0169854423092741, 0.7364837480040212, 0.26351625199597883]\n",
      "[2, 2, 322.68892963912486, 8.688929639124865, 1.0169854423092741, 0.7364837480040212, 0.26351625199597883]\n",
      "[3, 3, 328.16994383735164, 14.169943837351639, 1.0169854423092741, 0.7364837480040212, 0.26351625199597883]\n",
      "[4, 2, 322.68892963912486, 8.688929639124865, 1.0169854423092741, 0.23683957066737513, 0.5133383406643018]\n",
      "[5, 3, 328.16994383735164, 14.169943837351639, 1.0169854423092741, 0.7364837480040212, 0.26351625199597883]\n",
      "+++++++++++++++++++++\n",
      "(1, 1, 1, -1, -1)\n",
      "Time, Level, Stock Price\n",
      "[1, 1, 317.29945800049353, 3.29945800049353, 1.0169854423092741, 0.7364837480040212, 0.26351625199597883]\n",
      "[2, 2, 322.68892963912486, 8.688929639124865, 1.0169854423092741, 0.7364837480040212, 0.26351625199597883]\n",
      "[3, 3, 328.16994383735164, 14.169943837351639, 1.0169854423092741, 0.7364837480040212, 0.26351625199597883]\n",
      "[4, 2, 322.68892963912486, 8.688929639124865, 1.0169854423092741, 0.23683957066737513, 0.5133383406643018]\n",
      "[5, 1, 317.29945800049353, 3.29945800049353, 1.0169854423092741, 0.23683957066737513, 0.5133383406643018]\n",
      "+++++++++++++++++++++\n",
      "(1, 1, -1, 1, 1)\n",
      "Time, Level, Stock Price\n",
      "[1, 1, 317.29945800049353, 3.29945800049353, 1.0169854423092741, 0.7364837480040212, 0.26351625199597883]\n",
      "[2, 2, 322.68892963912486, 8.688929639124865, 1.0169854423092741, 0.7364837480040212, 0.26351625199597883]\n",
      "[3, 1, 317.29945800049353, 3.29945800049353, 1.0169854423092741, 0.23683957066737513, 0.5133383406643018]\n",
      "[4, 2, 322.68892963912486, 8.688929639124865, 1.0169854423092741, 0.7364837480040212, 0.26351625199597883]\n",
      "[5, 3, 328.16994383735164, 14.169943837351639, 1.0169854423092741, 0.7364837480040212, 0.26351625199597883]\n",
      "+++++++++++++++++++++\n",
      "(1, 1, -1, 1, -1)\n",
      "Time, Level, Stock Price\n",
      "[1, 1, 317.29945800049353, 3.29945800049353, 1.0169854423092741, 0.7364837480040212, 0.26351625199597883]\n",
      "[2, 2, 322.68892963912486, 8.688929639124865, 1.0169854423092741, 0.7364837480040212, 0.26351625199597883]\n",
      "[3, 1, 317.29945800049353, 3.29945800049353, 1.0169854423092741, 0.23683957066737513, 0.5133383406643018]\n",
      "[4, 2, 322.68892963912486, 8.688929639124865, 1.0169854423092741, 0.7364837480040212, 0.26351625199597883]\n",
      "[5, 1, 317.29945800049353, 3.29945800049353, 1.0169854423092741, 0.23683957066737513, 0.5133383406643018]\n",
      "+++++++++++++++++++++\n",
      "(1, 1, -1, -1, 1)\n",
      "Time, Level, Stock Price\n",
      "[1, 1, 317.29945800049353, 3.29945800049353, 1.0169854423092741, 0.7364837480040212, 0.26351625199597883]\n",
      "[2, 2, 322.68892963912486, 8.688929639124865, 1.0169854423092741, 0.7364837480040212, 0.26351625199597883]\n",
      "[3, 1, 317.29945800049353, 3.29945800049353, 1.0169854423092741, 0.23683957066737513, 0.5133383406643018]\n",
      "[4, 0, 312.0, 0, 1.0169854423092741, 0.23683957066737513, 0.5133383406643018]\n",
      "[5, 1, 317.29945800049353, 3.29945800049353, 1.0169854423092741, 0.7364837480040212, 0.26351625199597883]\n",
      "+++++++++++++++++++++\n",
      "(1, 1, -1, -1, -1)\n",
      "Time, Level, Stock Price\n",
      "[1, 1, 317.29945800049353, 3.29945800049353, 1.0169854423092741, 0.7364837480040212, 0.26351625199597883]\n",
      "[2, 2, 322.68892963912486, 8.688929639124865, 1.0169854423092741, 0.7364837480040212, 0.26351625199597883]\n",
      "[3, 1, 317.29945800049353, 3.29945800049353, 1.0169854423092741, 0.23683957066737513, 0.5133383406643018]\n",
      "[4, 0, 312.0, 0, 1.0169854423092741, 0.23683957066737513, 0.5133383406643018]\n",
      "[5, -1, 306.7890522518592, 0, 1.0169854423092741, 0.23683957066737513, 0.5133383406643018]\n",
      "+++++++++++++++++++++\n",
      "(1, -1, 1, 1, 1)\n",
      "Time, Level, Stock Price\n",
      "[1, 1, 317.29945800049353, 3.29945800049353, 1.0169854423092741, 0.7364837480040212, 0.26351625199597883]\n",
      "[2, 0, 312.0, 0, 1.0169854423092741, 0.23683957066737513, 0.5133383406643018]\n",
      "[3, 1, 317.29945800049353, 3.29945800049353, 1.0169854423092741, 0.7364837480040212, 0.26351625199597883]\n",
      "[4, 2, 322.68892963912486, 8.688929639124865, 1.0169854423092741, 0.7364837480040212, 0.26351625199597883]\n",
      "[5, 3, 328.16994383735164, 14.169943837351639, 1.0169854423092741, 0.7364837480040212, 0.26351625199597883]\n",
      "+++++++++++++++++++++\n",
      "(1, -1, 1, 1, -1)\n",
      "Time, Level, Stock Price\n",
      "[1, 1, 317.29945800049353, 3.29945800049353, 1.0169854423092741, 0.7364837480040212, 0.26351625199597883]\n",
      "[2, 0, 312.0, 0, 1.0169854423092741, 0.23683957066737513, 0.5133383406643018]\n",
      "[3, 1, 317.29945800049353, 3.29945800049353, 1.0169854423092741, 0.7364837480040212, 0.26351625199597883]\n",
      "[4, 2, 322.68892963912486, 8.688929639124865, 1.0169854423092741, 0.7364837480040212, 0.26351625199597883]\n",
      "[5, 1, 317.29945800049353, 3.29945800049353, 1.0169854423092741, 0.23683957066737513, 0.5133383406643018]\n",
      "+++++++++++++++++++++\n",
      "(1, -1, 1, -1, 1)\n",
      "Time, Level, Stock Price\n",
      "[1, 1, 317.29945800049353, 3.29945800049353, 1.0169854423092741, 0.7364837480040212, 0.26351625199597883]\n",
      "[2, 0, 312.0, 0, 1.0169854423092741, 0.23683957066737513, 0.5133383406643018]\n",
      "[3, 1, 317.29945800049353, 3.29945800049353, 1.0169854423092741, 0.7364837480040212, 0.26351625199597883]\n",
      "[4, 0, 312.0, 0, 1.0169854423092741, 0.23683957066737513, 0.5133383406643018]\n",
      "[5, 1, 317.29945800049353, 3.29945800049353, 1.0169854423092741, 0.7364837480040212, 0.26351625199597883]\n",
      "+++++++++++++++++++++\n",
      "(1, -1, 1, -1, -1)\n",
      "Time, Level, Stock Price\n",
      "[1, 1, 317.29945800049353, 3.29945800049353, 1.0169854423092741, 0.7364837480040212, 0.26351625199597883]\n",
      "[2, 0, 312.0, 0, 1.0169854423092741, 0.23683957066737513, 0.5133383406643018]\n",
      "[3, 1, 317.29945800049353, 3.29945800049353, 1.0169854423092741, 0.7364837480040212, 0.26351625199597883]\n",
      "[4, 0, 312.0, 0, 1.0169854423092741, 0.23683957066737513, 0.5133383406643018]\n",
      "[5, -1, 306.7890522518592, 0, 1.0169854423092741, 0.23683957066737513, 0.5133383406643018]\n",
      "+++++++++++++++++++++\n",
      "(1, -1, -1, 1, 1)\n",
      "Time, Level, Stock Price\n",
      "[1, 1, 317.29945800049353, 3.29945800049353, 1.0169854423092741, 0.7364837480040212, 0.26351625199597883]\n",
      "[2, 0, 312.0, 0, 1.0169854423092741, 0.23683957066737513, 0.5133383406643018]\n",
      "[3, -1, 306.7890522518592, 0, 1.0169854423092741, 0.23683957066737513, 0.5133383406643018]\n",
      "[4, 0, 312.0, 0, 1.0169854423092741, 0.7364837480040212, 0.26351625199597883]\n",
      "[5, 1, 317.29945800049353, 3.29945800049353, 1.0169854423092741, 0.7364837480040212, 0.26351625199597883]\n",
      "+++++++++++++++++++++\n",
      "(1, -1, -1, 1, -1)\n",
      "Time, Level, Stock Price\n",
      "[1, 1, 317.29945800049353, 3.29945800049353, 1.0169854423092741, 0.7364837480040212, 0.26351625199597883]\n",
      "[2, 0, 312.0, 0, 1.0169854423092741, 0.23683957066737513, 0.5133383406643018]\n",
      "[3, -1, 306.7890522518592, 0, 1.0169854423092741, 0.23683957066737513, 0.5133383406643018]\n",
      "[4, 0, 312.0, 0, 1.0169854423092741, 0.7364837480040212, 0.26351625199597883]\n",
      "[5, -1, 306.7890522518592, 0, 1.0169854423092741, 0.23683957066737513, 0.5133383406643018]\n",
      "+++++++++++++++++++++\n",
      "(1, -1, -1, -1, 1)\n",
      "Time, Level, Stock Price\n",
      "[1, 1, 317.29945800049353, 3.29945800049353, 1.0169854423092741, 0.7364837480040212, 0.26351625199597883]\n",
      "[2, 0, 312.0, 0, 1.0169854423092741, 0.23683957066737513, 0.5133383406643018]\n",
      "[3, -1, 306.7890522518592, 0, 1.0169854423092741, 0.23683957066737513, 0.5133383406643018]\n",
      "[4, -2, 301.6651364794679, 0, 1.0169854423092741, 0.23683957066737513, 0.5133383406643018]\n",
      "[5, -1, 306.7890522518592, 0, 1.0169854423092741, 0.7364837480040212, 0.26351625199597883]\n",
      "+++++++++++++++++++++\n",
      "(1, -1, -1, -1, -1)\n",
      "Time, Level, Stock Price\n",
      "[1, 1, 317.29945800049353, 3.29945800049353, 1.0169854423092741, 0.7364837480040212, 0.26351625199597883]\n",
      "[2, 0, 312.0, 0, 1.0169854423092741, 0.23683957066737513, 0.5133383406643018]\n",
      "[3, -1, 306.7890522518592, 0, 1.0169854423092741, 0.23683957066737513, 0.5133383406643018]\n",
      "[4, -2, 301.6651364794679, 0, 1.0169854423092741, 0.23683957066737513, 0.5133383406643018]\n",
      "[5, -3, 296.62679909603753, 0, 1.0169854423092741, 0.23683957066737513, 0.5133383406643018]\n",
      "+++++++++++++++++++++\n",
      "(-1, 1, 1, 1, 1)\n",
      "Time, Level, Stock Price\n",
      "[1, -1, 306.7890522518592, 0, 1.0169854423092741, 0.23683957066737513, 0.5133383406643018]\n",
      "[2, 0, 312.0, 0, 1.0169854423092741, 0.7364837480040212, 0.26351625199597883]\n",
      "[3, 1, 317.29945800049353, 3.29945800049353, 1.0169854423092741, 0.7364837480040212, 0.26351625199597883]\n",
      "[4, 2, 322.68892963912486, 8.688929639124865, 1.0169854423092741, 0.7364837480040212, 0.26351625199597883]\n",
      "[5, 3, 328.16994383735164, 14.169943837351639, 1.0169854423092741, 0.7364837480040212, 0.26351625199597883]\n",
      "+++++++++++++++++++++\n",
      "(-1, 1, 1, 1, -1)\n",
      "Time, Level, Stock Price\n",
      "[1, -1, 306.7890522518592, 0, 1.0169854423092741, 0.23683957066737513, 0.5133383406643018]\n",
      "[2, 0, 312.0, 0, 1.0169854423092741, 0.7364837480040212, 0.26351625199597883]\n",
      "[3, 1, 317.29945800049353, 3.29945800049353, 1.0169854423092741, 0.7364837480040212, 0.26351625199597883]\n",
      "[4, 2, 322.68892963912486, 8.688929639124865, 1.0169854423092741, 0.7364837480040212, 0.26351625199597883]\n",
      "[5, 1, 317.29945800049353, 3.29945800049353, 1.0169854423092741, 0.23683957066737513, 0.5133383406643018]\n",
      "+++++++++++++++++++++\n",
      "(-1, 1, 1, -1, 1)\n",
      "Time, Level, Stock Price\n",
      "[1, -1, 306.7890522518592, 0, 1.0169854423092741, 0.23683957066737513, 0.5133383406643018]\n",
      "[2, 0, 312.0, 0, 1.0169854423092741, 0.7364837480040212, 0.26351625199597883]\n",
      "[3, 1, 317.29945800049353, 3.29945800049353, 1.0169854423092741, 0.7364837480040212, 0.26351625199597883]\n",
      "[4, 0, 312.0, 0, 1.0169854423092741, 0.23683957066737513, 0.5133383406643018]\n",
      "[5, 1, 317.29945800049353, 3.29945800049353, 1.0169854423092741, 0.7364837480040212, 0.26351625199597883]\n",
      "+++++++++++++++++++++\n",
      "(-1, 1, 1, -1, -1)\n",
      "Time, Level, Stock Price\n",
      "[1, -1, 306.7890522518592, 0, 1.0169854423092741, 0.23683957066737513, 0.5133383406643018]\n",
      "[2, 0, 312.0, 0, 1.0169854423092741, 0.7364837480040212, 0.26351625199597883]\n",
      "[3, 1, 317.29945800049353, 3.29945800049353, 1.0169854423092741, 0.7364837480040212, 0.26351625199597883]\n",
      "[4, 0, 312.0, 0, 1.0169854423092741, 0.23683957066737513, 0.5133383406643018]\n",
      "[5, -1, 306.7890522518592, 0, 1.0169854423092741, 0.23683957066737513, 0.5133383406643018]\n",
      "+++++++++++++++++++++\n",
      "(-1, 1, -1, 1, 1)\n",
      "Time, Level, Stock Price\n",
      "[1, -1, 306.7890522518592, 0, 1.0169854423092741, 0.23683957066737513, 0.5133383406643018]\n",
      "[2, 0, 312.0, 0, 1.0169854423092741, 0.7364837480040212, 0.26351625199597883]\n",
      "[3, -1, 306.7890522518592, 0, 1.0169854423092741, 0.23683957066737513, 0.5133383406643018]\n",
      "[4, 0, 312.0, 0, 1.0169854423092741, 0.7364837480040212, 0.26351625199597883]\n",
      "[5, 1, 317.29945800049353, 3.29945800049353, 1.0169854423092741, 0.7364837480040212, 0.26351625199597883]\n",
      "+++++++++++++++++++++\n",
      "(-1, 1, -1, 1, -1)\n",
      "Time, Level, Stock Price\n",
      "[1, -1, 306.7890522518592, 0, 1.0169854423092741, 0.23683957066737513, 0.5133383406643018]\n",
      "[2, 0, 312.0, 0, 1.0169854423092741, 0.7364837480040212, 0.26351625199597883]\n",
      "[3, -1, 306.7890522518592, 0, 1.0169854423092741, 0.23683957066737513, 0.5133383406643018]\n",
      "[4, 0, 312.0, 0, 1.0169854423092741, 0.7364837480040212, 0.26351625199597883]\n",
      "[5, -1, 306.7890522518592, 0, 1.0169854423092741, 0.23683957066737513, 0.5133383406643018]\n",
      "+++++++++++++++++++++\n",
      "(-1, 1, -1, -1, 1)\n",
      "Time, Level, Stock Price\n",
      "[1, -1, 306.7890522518592, 0, 1.0169854423092741, 0.23683957066737513, 0.5133383406643018]\n",
      "[2, 0, 312.0, 0, 1.0169854423092741, 0.7364837480040212, 0.26351625199597883]\n",
      "[3, -1, 306.7890522518592, 0, 1.0169854423092741, 0.23683957066737513, 0.5133383406643018]\n",
      "[4, -2, 301.6651364794679, 0, 1.0169854423092741, 0.23683957066737513, 0.5133383406643018]\n",
      "[5, -1, 306.7890522518592, 0, 1.0169854423092741, 0.7364837480040212, 0.26351625199597883]\n",
      "+++++++++++++++++++++\n",
      "(-1, 1, -1, -1, -1)\n",
      "Time, Level, Stock Price\n",
      "[1, -1, 306.7890522518592, 0, 1.0169854423092741, 0.23683957066737513, 0.5133383406643018]\n",
      "[2, 0, 312.0, 0, 1.0169854423092741, 0.7364837480040212, 0.26351625199597883]\n",
      "[3, -1, 306.7890522518592, 0, 1.0169854423092741, 0.23683957066737513, 0.5133383406643018]\n",
      "[4, -2, 301.6651364794679, 0, 1.0169854423092741, 0.23683957066737513, 0.5133383406643018]\n",
      "[5, -3, 296.62679909603753, 0, 1.0169854423092741, 0.23683957066737513, 0.5133383406643018]\n",
      "+++++++++++++++++++++\n",
      "(-1, -1, 1, 1, 1)\n",
      "Time, Level, Stock Price\n",
      "[1, -1, 306.7890522518592, 0, 1.0169854423092741, 0.23683957066737513, 0.5133383406643018]\n",
      "[2, -2, 301.6651364794679, 0, 1.0169854423092741, 0.23683957066737513, 0.5133383406643018]\n",
      "[3, -1, 306.7890522518592, 0, 1.0169854423092741, 0.7364837480040212, 0.26351625199597883]\n",
      "[4, 0, 312.0, 0, 1.0169854423092741, 0.7364837480040212, 0.26351625199597883]\n",
      "[5, 1, 317.29945800049353, 3.29945800049353, 1.0169854423092741, 0.7364837480040212, 0.26351625199597883]\n",
      "+++++++++++++++++++++\n",
      "(-1, -1, 1, 1, -1)\n",
      "Time, Level, Stock Price\n",
      "[1, -1, 306.7890522518592, 0, 1.0169854423092741, 0.23683957066737513, 0.5133383406643018]\n",
      "[2, -2, 301.6651364794679, 0, 1.0169854423092741, 0.23683957066737513, 0.5133383406643018]\n",
      "[3, -1, 306.7890522518592, 0, 1.0169854423092741, 0.7364837480040212, 0.26351625199597883]\n",
      "[4, 0, 312.0, 0, 1.0169854423092741, 0.7364837480040212, 0.26351625199597883]\n",
      "[5, -1, 306.7890522518592, 0, 1.0169854423092741, 0.23683957066737513, 0.5133383406643018]\n",
      "+++++++++++++++++++++\n",
      "(-1, -1, 1, -1, 1)\n",
      "Time, Level, Stock Price\n",
      "[1, -1, 306.7890522518592, 0, 1.0169854423092741, 0.23683957066737513, 0.5133383406643018]\n",
      "[2, -2, 301.6651364794679, 0, 1.0169854423092741, 0.23683957066737513, 0.5133383406643018]\n",
      "[3, -1, 306.7890522518592, 0, 1.0169854423092741, 0.7364837480040212, 0.26351625199597883]\n",
      "[4, -2, 301.6651364794679, 0, 1.0169854423092741, 0.23683957066737513, 0.5133383406643018]\n",
      "[5, -1, 306.7890522518592, 0, 1.0169854423092741, 0.7364837480040212, 0.26351625199597883]\n",
      "+++++++++++++++++++++\n",
      "(-1, -1, 1, -1, -1)\n",
      "Time, Level, Stock Price\n",
      "[1, -1, 306.7890522518592, 0, 1.0169854423092741, 0.23683957066737513, 0.5133383406643018]\n",
      "[2, -2, 301.6651364794679, 0, 1.0169854423092741, 0.23683957066737513, 0.5133383406643018]\n",
      "[3, -1, 306.7890522518592, 0, 1.0169854423092741, 0.7364837480040212, 0.26351625199597883]\n",
      "[4, -2, 301.6651364794679, 0, 1.0169854423092741, 0.23683957066737513, 0.5133383406643018]\n",
      "[5, -3, 296.62679909603753, 0, 1.0169854423092741, 0.23683957066737513, 0.5133383406643018]\n",
      "+++++++++++++++++++++\n",
      "(-1, -1, -1, 1, 1)\n",
      "Time, Level, Stock Price\n",
      "[1, -1, 306.7890522518592, 0, 1.0169854423092741, 0.23683957066737513, 0.5133383406643018]\n",
      "[2, -2, 301.6651364794679, 0, 1.0169854423092741, 0.23683957066737513, 0.5133383406643018]\n",
      "[3, -3, 296.62679909603753, 0, 1.0169854423092741, 0.23683957066737513, 0.5133383406643018]\n",
      "[4, -2, 301.66513647946795, 0, 1.0169854423092741, 0.7364837480040212, 0.26351625199597883]\n",
      "[5, -1, 306.78905225185923, 0, 1.0169854423092741, 0.7364837480040212, 0.26351625199597883]\n",
      "+++++++++++++++++++++\n",
      "(-1, -1, -1, 1, -1)\n",
      "Time, Level, Stock Price\n",
      "[1, -1, 306.7890522518592, 0, 1.0169854423092741, 0.23683957066737513, 0.5133383406643018]\n",
      "[2, -2, 301.6651364794679, 0, 1.0169854423092741, 0.23683957066737513, 0.5133383406643018]\n",
      "[3, -3, 296.62679909603753, 0, 1.0169854423092741, 0.23683957066737513, 0.5133383406643018]\n",
      "[4, -2, 301.66513647946795, 0, 1.0169854423092741, 0.7364837480040212, 0.26351625199597883]\n",
      "[5, -3, 296.6267990960376, 0, 1.0169854423092741, 0.23683957066737513, 0.5133383406643018]\n",
      "+++++++++++++++++++++\n",
      "(-1, -1, -1, -1, 1)\n",
      "Time, Level, Stock Price\n",
      "[1, -1, 306.7890522518592, 0, 1.0169854423092741, 0.23683957066737513, 0.5133383406643018]\n",
      "[2, -2, 301.6651364794679, 0, 1.0169854423092741, 0.23683957066737513, 0.5133383406643018]\n",
      "[3, -3, 296.62679909603753, 0, 1.0169854423092741, 0.23683957066737513, 0.5133383406643018]\n",
      "[4, -4, 291.6726107922307, 0, 1.0169854423092741, 0.23683957066737513, 0.5133383406643018]\n",
      "[5, -3, 296.62679909603753, 0, 1.0169854423092741, 0.7364837480040212, 0.26351625199597883]\n",
      "+++++++++++++++++++++\n",
      "(-1, -1, -1, -1, -1)\n",
      "Time, Level, Stock Price\n",
      "[1, -1, 306.7890522518592, 0, 1.0169854423092741, 0.23683957066737513, 0.5133383406643018]\n",
      "[2, -2, 301.6651364794679, 0, 1.0169854423092741, 0.23683957066737513, 0.5133383406643018]\n",
      "[3, -3, 296.62679909603753, 0, 1.0169854423092741, 0.23683957066737513, 0.5133383406643018]\n",
      "[4, -4, 291.6726107922307, 0, 1.0169854423092741, 0.23683957066737513, 0.5133383406643018]\n",
      "[5, -5, 286.80116613068543, 0, 1.0169854423092741, 0.23683957066737513, 0.5133383406643018]\n"
     ]
    }
   ],
   "source": [
    "#------------------------------------------------------------------------------------------------\n",
    "#-   This is the core for the construction of all the Nodes on the Tree, subject to the above path\n",
    "#-   Current_ in path_materix is the element in Path Matrix. Its first element is like: (1,1,1)\n",
    "#-   If period of the tree is 3., if 4, then (1,1,1,1), etc. So current- is the current path of nodes\n",
    "#-   we are constructing\n",
    "#----------------------------------------------------------------------------------------------------\n",
    "Big_results =[]\n",
    "#----------------------------------------------------------------------------------------------------\n",
    "#-  Reminder! Must reset the Node to its initial position after completing/traversing each path\n",
    "#-  If the node moves up/down, it also moves right! (which is now an attribute of the Node(object))\n",
    "#----------------------------------------------------------------------------------------------------\n",
    "for current_ in path_matrix:\n",
    "    # Instantiate a Node\n",
    "    my_node = Node()\n",
    "    print('+++++++++++++++++++++')\n",
    "    print(current_) # (1,1,1) or (1,1,-1), etc. is current\n",
    "    print('Time,','Level,','Stock Price')\n",
    "    #------------------------------------------------------------------------------------------------\n",
    "    # Must reset the array of nodes that belonged to the path.\n",
    "    # Note the same Object-Node was used through out the path\n",
    "    # A new Node(object) is created solely for each path, whose attribute values change thru the path\n",
    "    # For any path, a given node(object) moves thru time. However if we move to a different path we\n",
    "    # must create a new object. This ensures we have a history of the each path.\n",
    "    # Index in current captures the elements of say (1,1,-1), this tells us if the node goes up or down. \n",
    "    # for a given path... \n",
    "    # for a Trinomial tree, then we also consider if index = 0, and this section needs to be slightly modified\n",
    "    #--------------------------------------------------------------------------------------------------\n",
    "    my_nodes=[]\n",
    "    for index in current_:\n",
    "        if index > 0:\n",
    "            my_node.move_up()\n",
    "            #my_node.qu = my_node.qu * my_node.qu\n",
    "            print(my_node.outputDetail())\n",
    "            my_nodes.append(my_node.outputDetail())\n",
    "        else:\n",
    "            my_node.move_down()\n",
    "            #my_node.qd = my_node.qd * my_node.qd\n",
    "            print(my_node.outputDetail())\n",
    "            my_nodes.append(my_node.outputDetail())\n",
    "    Big_results.append(my_nodes)"
   ]
  },
  {
   "cell_type": "code",
   "execution_count": 15,
   "metadata": {},
   "outputs": [
    {
     "name": "stdout",
     "output_type": "stream",
     "text": [
      "[[1, 1, 317.29945800049353, 3.29945800049353, 1.0169854423092741, 0.7364837480040212, 0.26351625199597883], [2, 2, 322.68892963912486, 8.688929639124865, 1.0169854423092741, 0.7364837480040212, 0.26351625199597883], [3, 3, 328.16994383735164, 14.169943837351639, 1.0169854423092741, 0.7364837480040212, 0.26351625199597883], [4, 4, 333.7440554860387, 19.74405548603869, 1.0169854423092741, 0.7364837480040212, 0.26351625199597883], [5, 5, 339.41284588656, 25.41284588655998, 1.0169854423092741, 0.7364837480040212, 0.26351625199597883]]\n",
      "[[1, 1, 317.29945800049353, 3.29945800049353, 1.0169854423092741, 0.7364837480040212, 0.26351625199597883], [2, 2, 322.68892963912486, 8.688929639124865, 1.0169854423092741, 0.7364837480040212, 0.26351625199597883], [3, 3, 328.16994383735164, 14.169943837351639, 1.0169854423092741, 0.7364837480040212, 0.26351625199597883], [4, 4, 333.7440554860387, 19.74405548603869, 1.0169854423092741, 0.7364837480040212, 0.26351625199597883], [5, 3, 328.16994383735164, 14.169943837351639, 1.0169854423092741, 0.23683957066737513, 0.5133383406643018]]\n",
      "[[1, 1, 317.29945800049353, 3.29945800049353, 1.0169854423092741, 0.7364837480040212, 0.26351625199597883], [2, 2, 322.68892963912486, 8.688929639124865, 1.0169854423092741, 0.7364837480040212, 0.26351625199597883], [3, 3, 328.16994383735164, 14.169943837351639, 1.0169854423092741, 0.7364837480040212, 0.26351625199597883], [4, 2, 322.68892963912486, 8.688929639124865, 1.0169854423092741, 0.23683957066737513, 0.5133383406643018], [5, 3, 328.16994383735164, 14.169943837351639, 1.0169854423092741, 0.7364837480040212, 0.26351625199597883]]\n",
      "[[1, 1, 317.29945800049353, 3.29945800049353, 1.0169854423092741, 0.7364837480040212, 0.26351625199597883], [2, 2, 322.68892963912486, 8.688929639124865, 1.0169854423092741, 0.7364837480040212, 0.26351625199597883], [3, 3, 328.16994383735164, 14.169943837351639, 1.0169854423092741, 0.7364837480040212, 0.26351625199597883], [4, 2, 322.68892963912486, 8.688929639124865, 1.0169854423092741, 0.23683957066737513, 0.5133383406643018], [5, 1, 317.29945800049353, 3.29945800049353, 1.0169854423092741, 0.23683957066737513, 0.5133383406643018]]\n",
      "[[1, 1, 317.29945800049353, 3.29945800049353, 1.0169854423092741, 0.7364837480040212, 0.26351625199597883], [2, 2, 322.68892963912486, 8.688929639124865, 1.0169854423092741, 0.7364837480040212, 0.26351625199597883], [3, 1, 317.29945800049353, 3.29945800049353, 1.0169854423092741, 0.23683957066737513, 0.5133383406643018], [4, 2, 322.68892963912486, 8.688929639124865, 1.0169854423092741, 0.7364837480040212, 0.26351625199597883], [5, 3, 328.16994383735164, 14.169943837351639, 1.0169854423092741, 0.7364837480040212, 0.26351625199597883]]\n",
      "[[1, 1, 317.29945800049353, 3.29945800049353, 1.0169854423092741, 0.7364837480040212, 0.26351625199597883], [2, 2, 322.68892963912486, 8.688929639124865, 1.0169854423092741, 0.7364837480040212, 0.26351625199597883], [3, 1, 317.29945800049353, 3.29945800049353, 1.0169854423092741, 0.23683957066737513, 0.5133383406643018], [4, 2, 322.68892963912486, 8.688929639124865, 1.0169854423092741, 0.7364837480040212, 0.26351625199597883], [5, 1, 317.29945800049353, 3.29945800049353, 1.0169854423092741, 0.23683957066737513, 0.5133383406643018]]\n",
      "[[1, 1, 317.29945800049353, 3.29945800049353, 1.0169854423092741, 0.7364837480040212, 0.26351625199597883], [2, 2, 322.68892963912486, 8.688929639124865, 1.0169854423092741, 0.7364837480040212, 0.26351625199597883], [3, 1, 317.29945800049353, 3.29945800049353, 1.0169854423092741, 0.23683957066737513, 0.5133383406643018], [4, 0, 312.0, 0, 1.0169854423092741, 0.23683957066737513, 0.5133383406643018], [5, 1, 317.29945800049353, 3.29945800049353, 1.0169854423092741, 0.7364837480040212, 0.26351625199597883]]\n",
      "[[1, 1, 317.29945800049353, 3.29945800049353, 1.0169854423092741, 0.7364837480040212, 0.26351625199597883], [2, 2, 322.68892963912486, 8.688929639124865, 1.0169854423092741, 0.7364837480040212, 0.26351625199597883], [3, 1, 317.29945800049353, 3.29945800049353, 1.0169854423092741, 0.23683957066737513, 0.5133383406643018], [4, 0, 312.0, 0, 1.0169854423092741, 0.23683957066737513, 0.5133383406643018], [5, -1, 306.7890522518592, 0, 1.0169854423092741, 0.23683957066737513, 0.5133383406643018]]\n",
